7000
7001
7002
7003
7004
7006
7007
7009
7014
7015
7016
7018
7019
7020
7021
7023
7024
7028
7029
7030
7031
7032
7033
7034
7035
7038
7040
7041
7043
7045
7046
7047
7048
7049
7050
7053
7054
7055
7056
7057
7058
7059
7060
7061
7063
7064
7068
7069
7070
7071
7073
7075
7076
7080
7081
7082
7083
7084
7085
7086
7087
7088
7089
7090
7091
7092
7093
7094
7095
7096
7097
7098
7099
7101
7102
7103
7104
7105
7107
7111
7112
7114
7119
7120
7123
7128
7129
7135
7137
7141
7143
7145
7146
7148
7149
7156
7158
7159
7160
7161
7162
7165
7166
7167
7168
7173
7176
7177
7178
7179
7180
7182
7186
7187
7189
7195
7201
7203
7208
7209
7210
7213
7215
7216
7217
7218
7220
7222
7223
7224
7226
7228
7229
7231
7235
7237
7238
7240
7241
7242
7243
7244
7246
7247
7251
7252
7256
7257
7258
7259
7261
7263
7267
7270
7271
7274
7275
7276
7278
7283
7286
7292
7295
7296
7300
7301
7302
7303
7304
7305
7306
7307
7308
7309
7310
7312
7313
7322
7323
7324
7326
7327
7330
7334
7336
7337
7339
7340
7342
7343
7344
7354
7348
7352
7354
7355
7356
7357
7358
7360
7361
7363
7364
7365
7366
7367
7368
7369
7372
7373
7375
7376
7379
7380
7381
7383
7384
7385
7386
7390
7391
7393
7394
7396
7397
7400
7403
7404
7405
7406
7407
7408
7409
7410
7411
7412
7413
7415
7416
7417
7418
7421
7422
7478
7532
7549
7568
7638
7643
7771
7809
7866
7880
7887
