3000
3001
3002
3003
3005
3006
3007
3008
3010
3011
3013
3016
3017
3019
3020
3021
3023
3024
3026
3028
3030
3031
3032
3034
3038
3039
3040
3041
3043
3045
3046
3047
3049
3050
3051
3053
3054
3056
3057
3058
3059
3060
3061
3062
3064
3067
3069
3070
3072
3073
3074
3075
3077
3078
3080
3081
3082
3083
3085
3087
3088
3089
3094
3095
3096
3098
3100
3101
3109
3111
3112
3115
3116
3118
3120
3121
3122
3124
3128
3133
3134
3135
3145
3154
3165
3166
3174
3175
3177
3180
3181
3189
3192
3193
3195
3196
3198
3199
3204
3205
3206
3208
3211
3213
3215
3217
3222
3225
3226
3227
3228
3230
3233
3241
3244
3245
3246
3248
3249
3253
3254
3255
3258
3261
3263
3264
3265
3266
3267
3268
3269
3271
3276
3279
3280
3282
3286
3288
3291
3292
3295
3297
3301
3302
3307
3309
3310
3315
3318
3323
3327
3329
3330
3331
3341
3344
3349
3350
3355
3356
3357
3358
3359
3360
3361
3363
3368
3370
3371
3372
3375
3376
3377
3381
3382
3384
3389
3394
3395
3396
3397
3399
3401
3402
3403
3405
3409
3410
3412
3414
3415
3416
3418
3419
3420
3421
3422
3423
3424
3425
3427
3430
3431
3433
3434
3435
3437
3438
3439
3440
3441
3442
3443
3444
3445
3446
3447
3448
3449
3450
3452
3453
3454
3455
3456
3457
3458
3459
3460
3462
3464
3468
3469
3470
3472
3473
3474
3475
3477
3478
3479
3480
3481
3482
3483
3484
3485
3486
3487
3488
3490
3491
3492
3494
3495
3496
3497
3498
3499
3500
3501
3502
3504
3505
3507
3510
3511
3512
3513
3514
3515
3516
3517
3518
3519
3520
3521
3522
3523
3525
3526
3528
3529
3530
3531
3532
3533
3535
3546
3548
3549
3543
3544
3545
3546
3547
3548
3549
3551
3553
3554
3555
3556
3558
3560
3561
3563
3564
3565
3566
3567
3568
3569
3570
3571
3572
3574
3575
3576
3577
3578
3579
3580
3581
3582
3585
3586
3587
3588
3589
3595
3597
3598
3599
3600
3601
3602
3603
3604
3605
3606
3607
3608
3609
3610
3611
3612
3614
3615
3616
3617
3618
3619
3620
3621
3623
3624
3625
3626
3627
3628
3630
3631
3632
3633
3634
3635
3636
3637
3638
3639
3641
3642
3643
3644
3647
3648
3649
3650
3651
3652
3654
3655
3658
3660
3661
3662
3663
3664
3665
3666
3667
3668
3669
3670
3671
3672
3673
3674
3675
3676
3678
3679
3680
3681
3682
3683
3684
3685
3686
3688
3689
3690
3691
3692
3694
3695
3696
3697
3698
3700
3701
3702
3703
3704
3705
3706
3707
3709
3710
3711
3712
3713
3714
3715
3716
3717
3718
3719
3720
3721
3722
3724
3725
3726
3727
3730
3732
3733
3735
3736
3737
3739
3740
3741
3742
3743
3745
3746
3747
3748
3749
3750
3751
3752
3753
3754
3755
3756
3758
3759
3760
3761
3764
3765
3766
3767
3768
3769
3770
3771
3772
3773
3774
3775
3776
3776
3778
3779
3780
3781
3782
3783
3784
3786
3787
3788
3789
3790
3791
3792
3793
3794
3798
3799
3800
3801
3802
3803
3804
3805
3806
3807
3808
3809
3810
3811
3812
3813
3814
3815
3816
3817
3818
3819
3820
3822
3823
3824
3825
3826
3827
3828
3829
3830
3831
3832
3833
3834
3836
3837
3838
3839
3841
3842
3843
3844
3845
3846
3848
3849
3851
3852
3853
3854
3855
3857
3858
3859
3860
3862
3863
3864
3865
3866
3869
3870
3871
3872
3873
3874
3875
3876
3877
3878
3879
3880
3881
3882
3883
3884
3885
3886
3887
3888
3889
3891
3892
3893
3894
3895
3896
3899
3900
3901
3902
3904
3905
3906
3907
3908
3909
3919
3920
3921
3923
3924
3926
3928
3932
3933
3934
3935
3936
3937
3939
3940
3941
3942
3944
3945
3946
3947
3948
3957
3958
3959
3961
3962
3964
3965
3969
3971
3972
3973
3978
3979
3980
3982
3983
3984
3986
3988
3989
3990
3992
3983
3984
3995
3996
3997
