4001
4002
4003
4004
4005
4006
4008
4010
4011
4012
4013
4015
4016
4017
4018
4020
4021
4022
4023
4024
4025
4027
4028
4031
4033
4035
4036
4040
4041
4042
4043
4046
4047
4048
4050
4051
4052
4053
4054
4055
4056
4059
4060
4062
4063
4064
4065
4066
4067
4068
4069
4070
4072
4073
4074
4075
4076
4079
4080
4081
4082
4084
4085
4086
4088
4092
4093
4094
4095
4098
4099
4101
4102
4103
4104
4107
4108
4110
4111
4113
4114
4115
4117
4118
4119
4120
4122
4124
4126
4127
4128
4129
4130
4131
4132
4133
4134
4135
4136
4137
4138
4139
4140
4141
4142
4143
4144
4145
4146
4147
4148
4149
4150
4151
4152
4153
4154
4155
4156
4157
4159
4160
4161
4162
4163
4164
4165
4166
4167
4168
4169
4170
4171
4173
4174
4175
4176
4177
4178
4179
4180
4181
4182
4183
4184
4185
4186
4187
4188
4191
4193
4194
4195
4196
4197
4198
4199
4201
4203
4205
4206
4207
4209
4210
4215
4216
4217
4218
4219
4222
4223
4224
4225
4226
4227
4229
4230
4232
4233
4234
4236
4237
4238
4243
4245
4246
4248
4250
4252
4254
4255
4256
4257
4259
4260
4261
4262
4263
4264
4265
4266
4268
4270
4271
4272
4273
4274
4275
4276
4277
4281
4282
4286
4290
4291
4292
4295
4298
4299
4300
4303
4305
4306
4307
4308
4309
4310
4312
4313
4314
4315
4316
4317
4318
4319
4320
4321
4323
4325
4326
4329
4331
4332
4333
4334
4335
4336
4338
4339
4340
4344
4345
4346
4349
4350
4351
4352
4353
4355
4356
4357
4358
4359
4362
4364
4369
4370
4371
4372
4375
4377
4378
4379
4380
4381
4382
4383
4384
4385
4386
4387
4388
4389
4390
4392
4394
4395
4397
4398
4399
4401
4402
4403
4404
4406
4407
4408
4409
4410
4411
4412
4413
4414
4415
4416
4417
4418
4419
4422
4423
4427
4429
4430
4432
4433
4434
4435
4436
4437
4438
4439
4440
4441
4443
4444
4445
4447
4450
4451
4452
4453
4455
4457
4458
4460
4461
4462
4463
4465
4466
4467
4468
4470
4472
4473
4474
4476
4478
4479
4480
4481
4483
4484
4485
4486
4487
4488
4489
4490
4491
4492
4493
4494
4496
4497
4498
4499
4501
4502
4506
4507
4511
4512
4513
4514
4516
4517
4518
4519
4520
4521
4522
4523
4524
4525
4526
4527
4528
4529
4530
4531
4532
4533
4534
4535
4536
4537
4538
4541
4542
4543
4544
4545
4547
4549
4551
4552
4554
4555
4556
4558
4559
4561
4564
4565
4566
4567
4568
4569
4570
4571
4572
4573
4574
4575
4576
4577
4578
4579
4582
4583
4585
4586
4588
4589
4590
4591
4593
4594
4598
4599
4600
4602
4604
4605
4607
4608
4609
4610
4611
4612
4613
4614
4615
4616
4617
4618
4619
4620
4621
4624
4625
4626
4627
4628
4629
4630
4634
4636
4637
4643
4644
4645
4650
4655
4657
4660
4661
4662
4663
4664
4667
4668
4669
4671
4673
4680
4683
4684
4688
4689
4695
4697
4707
4708
4710
4713
4716
4718
4719
4722
4723
4725
4726
4727
4732
4733
4736
4740
4741
4743
4744
4749
4750
4751
4752
4754
4757
4758
4759
4760
4761
4762
4763
4764
4765
4766
4768
4772
4773
4778
4779
4780
4782
4783
4785
4787
4788
4789
4790
4791
4792
4793
4794
4795
4797
4800
4801
4802
4803
4808
4810
4812
4813
4815
4816
4818
4819
4821
4823
4824
4826
4828
4829
4830
4831
4832
4833
4834
4836
4837
4842
4843
4844
4845
4846
4847
4848
4849
4850
4852
4853
4854
4855
4857
4858
4859
4860
4861
4865
4856
4867
4868
4869
4870
4871
4872
4875
4876
4878
4880
4882
4883
4884
4885
4886
4887
4889
4890
4891
4892
4893
4894
4895
4896
4897
4898
4899
4902
4903
4905
4907
4908
4909
4910
4911
4912
4913
4914
4916
4917
4918
4919
4920
4921
4925
4926
4927
4929
4930
4931
4932
4933
4934
4935
4936
4937
4938
4939
4940
4941
4942
4943
4944
4946
4947
4948
4949
4951
4952
4953
4954
4955
4956
4959
4960
4961
4964
4965
4966
4968
4969
4970
4971
4972
4973
4974
4975
4976
4977
4978
4979
4980
4981
4982
4983
4984
4985
4986
4988
4989
4991
4992
4994
4996
4998
4999
