1027
1028
1029
1030
1031
1032
1034
1035
1036
1037
1038
1039
1040
1041
1042
1043
1046
1048
1051
1053
1054
1055
1056
1057
1058
1059
1061
1062
1063
1066
1067
1068
1069
1070
1071
1073
1074
1075
1076
1078
1079
1080
1081
1083
1084
1085
1086
1087
1088
1090
1091
1092
1093
1094
1096
1097
1098
1099
1100
1101
1102
1105
1106
1107
1108
1109
1110
1111
1112
1113
1114
1115
1116
1117
1120
1122
1129
1131
1133
1136
1138
1143
1144
1151
1158
1165
1167
1173
1177
1180
1181
1185
1186
1188
1189
1195
1199
1200
1201
1203
1206
1208
1210
1214
1215
1216
1217
1219
1220
1225
1226
1227
1229
1230
1231
1233
1235
1238
1239
1240
1241
1243
1246
1249
1251
1253
1256
1257
1260
1261
1262
1264
1265
1266
1267
1270
1271
1274
1276
1278
1279
1280
1281
1282
1286
1315
1319
1320
1321
1322
1325
1326
1327
1328
1329
1330
1332
1333
1334
1337
1339
1340
1341
1343
1344
1345
1346
1347
1348
1349
1351
1352
1352
1355
1356
1357
1359
1360
1361
1362
1363
1365
1366
1367
1368
1370
1372
1374
1375
1376
1377
1380
1381
1382
1383
1385
1386
1387
1388
1389
1390
1391
1393
1394
1395
1396
1398
1399
1400
1401
1402
1403
1405
1406
1407
1409
1410
1411
1412
1413
1414
1415
1416
1417
1418
1419
1420
1422
1424
1427
1428
1429
1430
1432
1433
1434
1435
1436
1437
1438
1439
1442
1443
1444
1446
1447
1448
1449
1451
1452
1453
1454
1455
1458
1459
1461
1462
1464
1465
1466
1468
1471
1472
1473
1474
1476
1477
1478
1479
1480
1482
1483
1484
1485
1486
1487
1488
1489
1490
1492
1494
1495
1496
1497
1498
1499
1500
1501
1502
1505
1506
1507
1508
1509
1510
1511
1513
1514
1515
1516
1517
1518
1519
1520
1521
1522
1524
1525
1526
1527
1529
1532
1533
1534
1535
1536
1537
1538
1540
1542
1543
1544
1545
1546
1547
1548
1549
1550
1551
1553
1554
1555
1556
1557
1558
1559
1561
1562
1563
1564
1565
1567
1568
1571
1572
1573
1575
1576
1577
1578
1579
1580
1581
1582
1584
1585
1587
1589
1590
1591
1592
1594
1595
1596
1597
1598
1600
1601
1602
1603
1604
1605
1606
1608
1609
1610
1612
1613
1615
1616
1617
1618
1619
1621
1624
1625
1627
1628
1629
1630
1632
1634
1635
1637
1638
1639
1641
1642
1643
1644
1645
1647
1648
1649
1650
1651
1652
1653
1654
1655
1656
1657
1659
1660
1663
1664
1665
1668
1669
1671
1672
1674
1675
1676
1678
1679
1680
1682
1683
1684
1685
1686
1687
1688
1689
1691
1692
1693
1694
1695
1696
1697
1698
1699
1700
1701
1702
1703
1704
1706
1707
1708
1709
1710
1711
1712
1713
1714
1715
1716
1717
1718
1719
1720
1722
1723
1725
1726
1728
1729
1730
1731
1732
1733
1735
1736
1737
1738
1739
1740
1741
1742
1743
1744
1746
1747
1748
1750
1751
1752
1753
1755
1756
1757
1758
1759
1760
1761
1762
1763
1764
1765
1766
1767
1768
1769
1770
1771
1772
1773
1774
1775
1776
1777
1778
1779
1780
1781
1782
1783
1784
1785
1786
1787
1790
1791
1792
1793
1794
1795
1796
1797
1799
1801
1802
1803
1807
1809
1810
1811
1812
1814
1815
1816
1818
1819
1820
1821
1823
1824
1825
1826
1827
1828
1829
1831
1833
1835
1836
1837
1838
1839
1840
1842
1844
1845
1846
1847
1848
1849
1850
1851
1852
1853
1854
1855
1856
1857
1858
1859
1860
1861
1862
1863
1864
1865
1866
1867
1868
1869
1871
1873
1874
1876
1877
1878
1879
1880
1881
1882
1883
1884
1885
1886
1887
1888
1889
1890
1892
1893
1894
1895
1896
1897
1898
1899
1900
1901
1902
1904
1905
1906
1907
1908
1909
1910
1912
1913
1914
1916
1917
1918
1919
1920
1921
1922
1923
1924
1925
1926
1927
1928
1929
1930
1931
1932
1934
1935
1936
1937
1938
1939
1940
1941
1942
1943
1944
1946
1947
1948
1949
1950
1953
1955
1956
1957
1959
1960
1961
1962
1964
1967
1968
1969
1970
1971
1972
1973
1975
1976
1977
1978
1979
1980
1981
1982
1983
1984
1985
1986
1989
1990
1991
1992
1994
1995
1996
1997
1998
1999
