5000
5001
5002
5003
5005
5006
5007
5008
5009
5010
5011
5013
5014
5015
5016
5017
5018
5020
5021
5022
5024
5025
5026
5027
5028
5029
5030
5031
5032
5033
5034
5036
5037
5038
5039
5041
5043
5044
5045
5046
5047
5048
5049
5050
5051
5052
5053
5054
5056
5057
5058
5059
5062
5063
5065
5066
5067
5068
5069
5070
5071
5074
5075
5076
5077
5078
5079
5080
5081
5082
5083
5084
5085
5086
5087
5088
5089
5090
5091
5092
5093
5094
5095
5096
5097
5098
5099
5102
5104
5105
5106
5108
5109
5110
5112
5114
5115
5116
5118
5110
5120
5121
5123
5124
5126
5127
5128
5129
5130
5132
5133
5134
5135
5136
5140
5141
5142
5146
5147
5151
5152
5153
5154
5155
5156
5157
5158
5160
5161
5163
5165
5165
5167
5168
5160
5170
5171
5172
5173
5174
5175
5177
5179
5180
5182
5183
5184
5185
5187
5188
5189
5190
5191
5192
5193
5194
5195
5196
5197
5198
5199
5201
5203
5204
5205
5207
5208
5209
5210
5211
5212
5213
5214
5215
5216
5217
5218
5219
5229
5222
5223
5224
5225
5226
5227
5228
5229
5234
5235
5236
5237
5238
5239
5240
5241
5242
5244
5245
5246
5247
5248
5249
5251
5252
5253
5254
5255
5256
5257
5258
5259
5260
5261
5262
5263
5266
5267
5268
5269
5270
5271
5272
5273
5275
5276
5277
5279
5280
5281
5282
5283
5284
5285
5286
5287
5288
5289
5290
5291
5292
5293
5294
5295
5296
5297
5298
5299
5301
5302
5303
5304
5305
5306
5307
5308
5309
5311
5312
5313
5314
5315
5317
5318
5319
5320
5321
5322
5323
5324
5325
5326
5327
5330
5331
5332
5333
5334
5335
5337
5338
5339
5341
5342
5343
5344
5345
5346
5347
5348
5349
5350
5351
5352
5353
5354
5355
5356
5357
5358
5359
5360
5362
5363
5364
5365
5366
5367
5368
5369
5370
5371
5372
5373
5374
5375
5376
5377
5378
5379
5381
5382
5383
5384
5386
5387
5388
5390
5391
5392
5393
5395
5396
5397
5398
5399
5400
5401
5402
5403
5404
5405
5406
5407
5408
5409
5410
5411
5412
5413
5414
5415
5416
5420
5424
5425
5426
5427
5431
5432
5441
5443
5452
5454
5459
5464
5465
5469
5473
5475
5482
5483
5486
5487
5488
5490
5494
5495
5496
5497
5498
5501
5504
5507
5514
5515
5516
5517
5520
5523
5526
5527
5529
5537
5538
5540
5542
5543
5544
5548
5550
5553
5555
5556
5558
5560
5562
5563
5564
5565
5566
5567
5570
5572
5574
5580
5586
5587
5588
5593
5594
5596
5597
5598
5599
5600
5601
5602
5603
5606
5607
5608
5610
5611
5613
5614
5616
5624
5626
5627
5628
5629
5630
5631
5632
5633
5634
5635
5636
5637
5640
5642
5645
5647
5648
5649
5650
5653
5654
5656
5657
5659
5660
5662
5663
5664
5665
5666
5667
5668
5670
5672
5673
5674
5676
5677
5678
5679
5681
5682
5683
5684
5691
5693
5694
5695
5696
5697
5698
5699
5702
5704
5708
5711
5712
5713
5717
5718
5720
5722
5723
5725
5727
5728
5730
5731
5734
5746
5737
5741
5744
5746
5747
5748
5750
5753
5757
5759
5760
5762
5764
5766
5767
5769
5770
5772
5775
5776
5777
5778
5779
5780
5781
5782
5783
5785
5787
5788
5790
5791
5792
5793
5794
5795
5796
5799
5801
5802
5803
5804
5805
5809
5811
5812
5813
5814
5815
5817
5818
5821
5822
5823
5826
5827
5828
5829
5831
5832
5833
5836
5838
5839
5841
5842
5843
5844
5845
5846
5847
5848
5851
5853
5856
5857
5858
5859
5864
5866
5867
5868
5870
5872
5873
5876
5879
5881
5882
5883
5884
5887
5889
5890
5892
5893
5894
5895
5896
5901
5902
5903
5904
5906
5908
5910
5911
5914
5915
5917
5918
5919
5920
5922
5923
5924
5925
5926
5928
5929
5930
5931
5933
5935
5936
5937
5938
5939
5940
5941
5943
5944
5945
5946
5947
5948
5949
5951
5953
5954
5955
5956
5957
5950
5963
5964
5966
5968
5969
5971
5972
5974
5975
5976
5977
5978
5979
5980
5981
5982
5983
5984
5985
5986
5987
5989
5992
5993
5994
5995
5996
5997
5999

